9.955078125000000000e+01
1.174414062500000000e+02
9.955078125000000000e+01
1.315742187500000000e+02
9.854296875000000000e+01
1.457070312500000000e+02
9.854296875000000000e+01
1.645507812500000000e+02
9.955078125000000000e+01
1.786835937500000000e+02
1.015664062500000000e+02
1.959570312500000000e+02
1.055976562500000000e+02
2.100898437500000000e+02
1.096289062500000000e+02
2.242226562500000000e+02
1.176914062500000000e+02
2.320742187500000000e+02
1.328085937500000000e+02
2.320742187500000000e+02
1.509492187500000000e+02
2.320742187500000000e+02
1.680820312500000000e+02
2.289335937500000000e+02
1.831992187500000000e+02
2.195117187500000000e+02
1.973085937500000000e+02
2.053789062500000000e+02
2.083945312500000000e+02
1.849648437500000000e+02
2.164570312500000000e+02
1.614101562500000000e+02
2.184726562500000000e+02
1.394257812500000000e+02
9.854296875000000000e+01
1.033085937500000000e+02
1.025742187500000000e+02
9.859765625000000000e+01
1.066054687500000000e+02
9.859765625000000000e+01
1.111406250000000000e+02
1.017382812500000000e+02
1.151718750000000000e+02
1.040937500000000000e+02
1.318007812500000000e+02
1.001679687500000000e+02
1.418789062500000000e+02
9.624218750000000000e+01
1.534687500000000000e+02
9.545703125000000000e+01
1.685859375000000000e+02
9.781250000000000000e+01
1.842070312500000000e+02
1.064492187500000000e+02
1.197070312500000000e+02
1.174414062500000000e+02
1.136601562500000000e+02
1.300039062500000000e+02
1.086210937500000000e+02
1.425664062500000000e+02
1.045898437500000000e+02
1.535585937500000000e+02
1.045898437500000000e+02
1.629804687500000000e+02
1.086210937500000000e+02
1.645507812500000000e+02
1.126523437500000000e+02
1.645507812500000000e+02
1.197070312500000000e+02
1.645507812500000000e+02
1.277695312500000000e+02
1.645507812500000000e+02
1.005585937500000000e+02
1.221523437500000000e+02
1.025742187500000000e+02
1.190117187500000000e+02
1.096289062500000000e+02
1.190117187500000000e+02
1.136601562500000000e+02
1.237226562500000000e+02
1.096289062500000000e+02
1.252929687500000000e+02
1.025742187500000000e+02
1.252929687500000000e+02
1.388554687500000000e+02
1.221523437500000000e+02
1.428867187500000000e+02
1.158710937500000000e+02
1.549804687500000000e+02
1.158710937500000000e+02
1.630429687500000000e+02
1.190117187500000000e+02
1.549804687500000000e+02
1.221523437500000000e+02
1.438945312500000000e+02
1.237226562500000000e+02
1.055976562500000000e+02
1.896757812500000000e+02
1.055976562500000000e+02
1.833945312500000000e+02
1.086210937500000000e+02
1.786835937500000000e+02
1.116445312500000000e+02
1.771132812500000000e+02
1.156757812500000000e+02
1.771132812500000000e+02
1.297851562500000000e+02
1.833945312500000000e+02
1.428867187500000000e+02
1.928164062500000000e+02
1.338164062500000000e+02
2.006679687500000000e+02
1.247460937500000000e+02
2.053789062500000000e+02
1.146679687500000000e+02
2.069492187500000000e+02
1.096289062500000000e+02
2.038085937500000000e+02
1.066054687500000000e+02
1.975273437500000000e+02
1.066054687500000000e+02
1.896757812500000000e+02
1.096289062500000000e+02
1.865351562500000000e+02
1.126523437500000000e+02
1.833945312500000000e+02
1.267617187500000000e+02
1.865351562500000000e+02
1.418789062500000000e+02
1.928164062500000000e+02
1.277695312500000000e+02
1.959570312500000000e+02
1.146679687500000000e+02
1.990976562500000000e+02
1.096289062500000000e+02
1.959570312500000000e+02
